canvas 0 0 800 800
shape R ellipse
shape S rectangle
shape P1 plus
shape P2 plus
shape P3 plus
motion S 1 10 10 30 90 0 59 49   10 10 10 30 90 250 250 250
motion S 10 10 10 30 90 250 250 250   15 10 10 30 90 90 50 100
motion S 15 10 10 30 90 90 50 100   20 10 10 90 50  90 50 100
motion S 15 10 10 90 50 90 50 150   20 10 10 90 50 250 70 150
motion R 1 100 100 30 90 90 80 150    5 340 56  30 90 90 80 150
motion R 5 340 56 30 90 90 80 150    10 100 600  30 90 90 80 150
motion R 10 100 600 30 90 90 80 150    18 34 56  30 90 90 80 150

motion P1 1 200 200 50 50 45 100 200   1 200 200 50 50 45 100 200
motion P1 1 200 200 50 50 45 100 200   10 50 430 50 50 45 100 200
motion P1 10 50 430 50 50 45 100 200   15 50 430 100 100 45 100 200

motion P2 1 100 300 100 100 100 100 100   10 100 300 30 30 100 100 100

motion P3 1 100 300 100 100 144 245 34  10 400 400 100 100 144 245 34